10 10
10 13
10 16
10 19
10 22
10 25
10 28
10 31
10 34
10 37
10 40
10 43
10 46
10 49
10 52
10 55
10 58
10 61
10 64
10 67
10 70
10 73
10 76
10 79
10 82
10 85
10 88
13 10
13 13
13 16
13 19
13 22
13 25
13 28
13 31
13 34
13 37
13 40
13 43
13 46
13 49
13 52
13 55
13 58
13 61
13 64
13 67
13 70
13 73
13 76
13 79
13 82
13 85
13 88
16 10
16 13
16 16
16 19
16 22
16 25
16 28
16 31
16 34
16 37
16 40
16 43
16 46
16 49
16 52
16 55
16 58
16 61
16 64
16 67
16 70
16 73
16 76
16 79
16 82
16 85
16 88
19 10
19 13
19 16
19 19
19 22
19 25
19 28
19 31
19 34
19 37
19 40
19 43
19 46
19 49
19 52
19 55
19 58
19 61
19 64
19 67
19 70
19 73
19 76
19 79
19 82
19 85
19 88
22 10
22 13
22 16
22 19
22 22
22 25
22 28
22 31
22 34
22 37
22 40
22 43
22 46
22 49
22 52
22 55
22 58
22 61
22 64
22 67
22 70
22 73
22 76
22 79
22 82
22 85
22 88
25 10
25 13
25 16
25 19
25 22
25 25
25 28
25 31
25 34
25 37
25 40
25 43
25 46
25 49
25 52
25 55
25 58
25 61
25 64
25 67
25 70
25 73
25 76
25 79
25 82
25 85
25 88
28 10
28 13
28 16
28 19
28 22
28 25
28 28
28 31
28 34
28 37
28 40
28 43
28 46
28 49
28 52
28 55
28 58
28 61
28 64
28 67
28 70
28 73
28 76
28 79
28 82
28 85
28 88
31 10
31 13
31 16
31 19
31 22
31 25
31 28
31 31
31 34
31 37
31 40
31 43
31 46
31 49
31 52
31 55
31 58
31 61
31 64
31 67
31 70
31 73
31 76
31 79
31 82
31 85
31 88
34 10
34 13
34 16
34 19
34 22
34 25
34 28
34 31
34 34
34 37
34 40
34 43
34 46
34 49
34 52
34 55
34 58
34 61
34 64
34 67
34 70
34 73
34 76
34 79
34 82
34 85
34 88
37 10
37 13
37 16
37 19
37 22
37 25
37 28
37 31
37 34
37 37
37 40
37 43
37 46
37 49
37 52
37 55
37 58
37 61
37 64
37 67
37 70
37 73
37 76
37 79
37 82
37 85
37 88
40 10
40 13
40 16
40 19
40 22
40 25
40 28
40 31
40 34
40 37
40 40
40 43
40 46
40 49
40 52
40 55
40 58
40 61
40 64
40 67
40 70
40 73
40 76
40 79
40 82
40 85
40 88
43 10
43 13
43 16
43 19
43 22
43 25
43 28
43 31
43 34
43 37
43 40
43 43
43 46
43 49
43 52
43 55
43 58
43 61
43 64
43 67
43 70
43 73
43 76
43 79
43 82
43 85
43 88
46 10
46 13
46 16
46 19
46 22
46 25
46 28
46 31
46 34
46 37
46 40
46 43
46 46
46 49
46 52
46 55
46 58
46 61
46 64
46 67
46 70
46 73
46 76
46 79
46 82
46 85
46 88
49 10
49 13
49 16
49 19
49 22
49 25
49 28
49 31
49 34
49 37
49 40
49 43
49 46
49 49
49 52
49 55
49 58
49 61
49 64
49 67
49 70
49 73
49 76
49 79
49 82
49 85
49 88
52 10
52 13
52 16
52 19
52 22
52 25
52 28
52 31
52 34
52 37
52 40
52 43
52 46
52 49
52 52
52 55
52 58
52 61
52 64
52 67
52 70
52 73
52 76
52 79
52 82
52 85
52 88
55 10
55 13
55 16
55 19
55 22
55 25
55 28
55 31
55 34
55 37
55 40
55 43
55 46
55 49
55 52
55 55
55 58
55 61
55 64
55 67
55 70
55 73
55 76
55 79
55 82
55 85
55 88
58 10
58 13
58 16
58 19
58 22
58 25
58 28
58 31
58 34
58 37
58 40
58 43
58 46
58 49
58 52
58 55
58 58
58 61
58 64
58 67
58 70
58 73
58 76
58 79
58 82
58 85
58 88
61 10
61 13
61 16
61 19
61 22
61 25
61 28
61 31
61 34
61 37
61 40
61 43
61 46
61 49
61 52
61 55
61 58
61 61
61 64
61 67
61 70
61 73
61 76
61 79
61 82
61 85
61 88
64 10
64 13
64 16
64 19
64 22
64 25
64 28
64 31
64 34
64 37
64 40
64 43
64 46
64 49
64 52
64 55
64 58
64 61
64 64
64 67
64 70
64 73
64 76
64 79
64 82
64 85
64 88
67 10
67 13
67 16
67 19
67 22
67 25
67 28
67 31
67 34
67 37
67 40
67 43
67 46
67 49
67 52
67 55
67 58
67 61
67 64
67 67
67 70
67 73
67 76
67 79
67 82
67 85
67 88
70 10
70 13
70 16
70 19
70 22
70 25
70 28
70 31
70 34
70 37
70 40
70 43
70 46
70 49
70 52
70 55
70 58
70 61
70 64
70 67
70 70
70 73
70 76
70 79
70 82
70 85
70 88
73 10
73 13
73 16
73 19
73 22
73 25
73 28
73 31
73 34
73 37
73 40
73 43
73 46
73 49
73 52
73 55
73 58
73 61
73 64
73 67
73 70
73 73
73 76
73 79
73 82
73 85
73 88
76 10
76 13
76 16
76 19
76 22
76 25
76 28
76 31
76 34
76 37
76 40
76 43
76 46
76 49
76 52
76 55
76 58
76 61
76 64
76 67
76 70
76 73
76 76
76 79
76 82
76 85
76 88
79 10
79 13
79 16
79 19
79 22
79 25
79 28
79 31
79 34
79 37
79 40
79 43
79 46
79 49
79 52
79 55
79 58
79 61
79 64
79 67
79 70
79 73
79 76
79 79
79 82
79 85
79 88
82 10
82 13
82 16
82 19
82 22
82 25
82 28
82 31
82 34
82 37
82 40
82 43
82 46
82 49
82 52
82 55
82 58
82 61
82 64
82 67
82 70
82 73
82 76
82 79
82 82
82 85
82 88
85 10
85 13
85 16
85 19
85 22
85 25
85 28
85 31
85 34
85 37
85 40
85 43
85 46
85 49
85 52
85 55
85 58
85 61
85 64
85 67
85 70
85 73
85 76
85 79
85 82
85 85
85 88
88 10
88 13
88 16
88 19
88 22
88 25
88 28
88 31
88 34
88 37
88 40
88 43
88 46
88 49
88 52
88 55
88 58
88 61
88 64
88 67
88 70
88 73
88 76
88 79
88 82
88 85
88 88
